function K = lqr_k(L0)
%LQR_K
%    K = LQR_K(L0)

%    This function was generated by the Symbolic Math Toolbox version 24.2.
%    2026-05-29 09:19:43

t2 = L0.^2;
t3 = L0.^3;
mt1 = [L0.*(-1.043348343783465e+2)+t2.*1.770010103485592e+2-t3.*1.49811178473825e+2-2.819897215120165];
mt2 = [L0.*7.963530493713994e+1-t2.*3.851412101912546e+2+t3.*4.901031469821012e+2+2.071877348218877e+1];
mt3 = [L0.*(-6.080025362582207)-t2.*1.264827246257868e+1+t3.*1.367674499949626e+1-1.789917015321541e-1];
mt4 = [L0.*1.606524377900163e+1-t2.*4.12652568409661e+1+t3.*4.060315198323872e+1+7.79239544760667e-1];
mt5 = [L0.*(-1.630566880304287e+1)+t2.*2.720897826149051e+1-t3.*1.369492185018793e+1-2.033904937523864];
mt6 = [L0.*1.004161590135565e+1-t2.*1.259905566713258e+2+t3.*1.913109663075642e+2+9.693684996184393];
mt7 = [L0.*(-4.539920684539736)-t2.*1.323149688010582e+1+t3.*3.065912094844246e+1-3.613884040095898];
mt8 = [L0.*(-6.238356855101488)-t2.*6.415217345307165e+1+t3.*1.167545118495532e+2+1.098462371222343e+1];
mt9 = [L0.*(-4.170788440438813e+1)+t2.*5.085150454055091e+1-t3.*2.120459535726586e+1+1.66303594735243e+1];
mt10 = [L0.*1.579676519472397e+2-t2.*3.499925429412419e+2+t3.*2.936887867331448e+2+2.378838684231486];
mt11 = [L0.*(-1.19808953737888e+1)+t2.*2.633097541247914e+1-t3.*2.536345885531601e+1+3.654582284328492];
mt12 = [L0.*3.024995283780178e+1-t2.*6.562575174980016e+1+t3.*5.453380218031597e+1-1.104386816084733];
K = reshape([mt1,mt2,mt3,mt4,mt5,mt6,mt7,mt8,mt9,mt10,mt11,mt12],2,6);
end
