function K = lqr_k(L0)
%LQR_K
%    K = LQR_K(L0)

%    This function was generated by the Symbolic Math Toolbox version 24.2.
%    2026-05-01 15:10:23

t2 = L0.^2;
t3 = L0.^3;
mt1 = [L0.*(-1.118359625174336e+2)+t2.*2.78555904206842e+2-t3.*2.877804538154232e+2-3.733367359592699];
mt2 = [L0.*4.440631662487697e+1-t2.*2.806095871654397e+2+t3.*3.89561747421349e+2+1.531987136640863e+1];
mt3 = [L0.*(-1.103393724915134e+1)+t2.*1.655092705297319e+1-t3.*1.855909208730265e+1-3.198462768618906e-1];
mt4 = [L0.*6.374511768394435-t2.*2.991532573793859e+1+t3.*3.886229136775449e+1+1.49515047108407];
mt5 = [L0.*(-9.108881136581569)+t2.*2.209511831532041e+1-t3.*2.044381315607396e+1-1.523492091874771];
mt6 = [L0.*1.408644956642296e+1-t2.*7.821598180058612e+1+t3.*1.071077939499358e+2+1.939225723901294];
mt7 = [L0.*(-1.929755941328884)-t2.*6.12089257712466e-1+t3.*4.550056965743628-3.338322652510545];
mt8 = [L0.*1.072338213140812e+1-t2.*7.816319243931565e+1+t3.*1.146211635890825e+2+3.220667609502972];
mt9 = [L0.*(-5.652601861939747e+1)+t2.*1.024347076593211e+2-t3.*7.948947141396677e+1+1.697325320504566e+1];
mt10 = [L0.*1.030767661113936e+2-t2.*2.53759428772868e+2+t3.*2.377924368974213e+2+1.307258681551472e+1];
mt11 = [L0.*(-1.547084975881284e+1)+t2.*3.539075128769647e+1-t3.*3.390026630579454e+1+3.995842154880063];
mt12 = [L0.*1.641550862059481e+1-t2.*3.328901632145447e+1+t3.*2.500937991786349e+1+1.449957370101183];
K = reshape([mt1,mt2,mt3,mt4,mt5,mt6,mt7,mt8,mt9,mt10,mt11,mt12],2,6);
end
