function K = lqr_k(L0)
%LQR_K
%    K = LQR_K(L0)

%    This function was generated by the Symbolic Math Toolbox version 24.2.
%    2026-03-26 21:40:44

t2 = L0.^2;
t3 = L0.^3;
mt1 = [L0.*(-1.076465242755601e+2)+t2.*2.472328604120712e+2-t3.*2.469895779839028e+2-8.722978435913566e-2];
mt2 = [L0.*1.725019947967842e+2-t2.*1.021675831040594e+3+t3.*1.481297889736351e+3+2.753888222120628e+1];
mt3 = [L0.*(-2.047123808805005e+1)+t2.*8.911549369057521-t3.*1.941786734436197e+1+2.462832290286782e-1];
mt4 = [L0.*5.008489090080371e+1-t2.*1.811445095384129e+2+t3.*2.455092243527865e+2+3.383371067204926];
mt5 = [L0.*(-4.197372815460516e+1)+t2.*1.043557292577749e+2-t3.*9.660704924901327e+1+6.136597800121298e-1];
mt6 = [L0.*6.977159567221986e+1-t2.*3.985985617508985e+2+t3.*5.556632667918255e+2+9.59585034225557];
mt7 = [L0.*(-3.640160165417092e+1)+t2.*6.754759471924719e+1-t3.*5.72846171170418e+1+1.984616158707998e-1];
mt8 = [L0.*7.338394279854607e+1-t2.*3.649035267600626e+2+t3.*4.957654014645947e+2+7.385522376775605];
mt9 = [L0.*(-2.548252950902808e+1)+t2.*5.272568074261988+t3.*4.261410672628404e+1+1.363658508472824e+1];
mt10 = [L0.*1.790127621151825e+2-t2.*3.858448201352379e+2+t3.*2.94084391575473e+2+3.006890499354196];
mt11 = [L0.*1.141815908125176-t2.*1.169788157906559e+1+t3.*1.814672126652727e+1+2.326228780199926];
mt12 = [L0.*1.622392544624513e+1-t2.*3.693110919853267-t3.*2.882827683157163e+1-2.703785546701813e-1];
K = reshape([mt1,mt2,mt3,mt4,mt5,mt6,mt7,mt8,mt9,mt10,mt11,mt12],2,6);
end
