function K = lqr_k(L0)
%LQR_K
%    K = LQR_K(L0)

%    This function was generated by the Symbolic Math Toolbox version 24.2.
%    2026-04-29 22:18:13

t2 = L0.^2;
t3 = L0.^3;
mt1 = [L0.*(-1.017247740377445e+2)+t2.*1.356141138103925e+2-t3.*7.849764848782463e+1+1.732544567467464];
mt2 = [L0.*4.002853681392534e+2-t2.*1.345603709185464e+3+t3.*1.496378099556829e+3-1.250108397456942e+1];
mt3 = [L0.*(-1.19841207249787e+1)+t2.*5.791934931371805e-1+t3.*3.672958513269975+4.475763284414819e-1];
mt4 = [L0.*5.881079531330064e+1-t2.*1.763321638074164e+2+t3.*1.870869966419594e+2-1.876376529781208];
mt5 = [L0.*(-4.439354425816198e+1)+t2.*7.46708500810641e+1-t3.*3.996858245763556e+1+1.645266031085769];
mt6 = [L0.*2.205265661302566e+2-t2.*8.386945910349193e+2+t3.*9.934627482744028e+2-4.84489770999874];
mt7 = [L0.*(-2.484152077300853e+1)+t2.*3.104110728285165e+1-t3.*6.943128324103013-3.927359783898516e-1];
mt8 = [L0.*1.686258378111336e+2-t2.*6.445482538676387e+2+t3.*7.735411355917273e+2-4.239562933020111];
mt9 = [L0.*(-1.619043851844384e+1)-t2.*2.270457475827457e+1+t3.*5.06313998240514e+1+1.445579892033704e+1];
mt10 = [L0.*6.659866991884874e+1+t2.*5.176782677277922e+1-t3.*2.236585338682831e+2+1.324267327137812e+1];
mt11 = [L0.*(-4.385865902286334)-t2.*2.625831669377532e-1+t3.*4.066350565130553+3.52391758076609];
mt12 = [L0.*(-5.504617376542907)+t2.*9.023428530538426e+1-t3.*1.478022856658633e+2+3.099042341144872];
K = reshape([mt1,mt2,mt3,mt4,mt5,mt6,mt7,mt8,mt9,mt10,mt11,mt12],2,6);
end
