function K = lqr_k(L0)
%LQR_K
%    K = LQR_K(L0)

%    This function was generated by the Symbolic Math Toolbox version 24.2.
%    2026-02-24 13:55:40

t2 = L0.^2;
t3 = L0.^3;
mt1 = [L0.*(-1.913883931971167e+1)+t2.*4.155245395084427e+1-t3.*3.252112871066012e+1-1.494507774291972];
mt2 = [L0.*4.337995158752022-t2.*2.15648137002095e+2+t3.*3.666339235249009e+2+1.689749375360079e+1];
mt3 = [L0.*(-7.072548605679549)+t2.*4.625926423559403-t3.*2.377222209123747+2.800033536656846e-2];
mt4 = [L0.*1.539525977190936e+1-t2.*5.977908508330778e+1+t3.*8.405957867226901e+1+2.938158752355342];
mt5 = [L0.*(-2.60895085155838)+t2.*5.503752293124643-t3.*4.261528365295161+7.299551668542257e-3];
mt6 = [L0.*3.89252774339097-t2.*2.807878804965932e+1+t3.*4.02485608629041e+1+1.421497337633694];
mt7 = [L0.*(-4.972125049691211)+t2.*7.89251369718456-t3.*5.033015504582782-1.036044823625193e-2];
mt8 = [L0.*8.459335800402012-t2.*5.239328691439629e+1+t3.*7.330780167932356e+1+2.767657747526294];
mt9 = [L0.*(-1.740472491284671e+1)+t2.*1.065780732479714e+1+t3.*1.729423858352849e+1+1.118673983900697e+1];
mt10 = [L0.*1.542856041754994e+2-t2.*3.003331373929993e+2+t3.*1.884869518670155e+2+2.059583089562933];
mt11 = [L0.*(-9.1981564391741e-2)-t2.*4.738405342842568+t3.*8.020460078942085+1.723536844946136];
mt12 = [L0.*1.324553991344512e+1-t2.*6.379692094569413-t3.*1.553334196585828e+1-1.419446899510623e-1];
K = reshape([mt1,mt2,mt3,mt4,mt5,mt6,mt7,mt8,mt9,mt10,mt11,mt12],2,6);
end
