function K = lqr_k(L0)
%LQR_K
%    K = LQR_K(L0)

%    This function was generated by the Symbolic Math Toolbox version 24.2.
%    2026-03-15 23:39:52

t2 = L0.^2;
t3 = L0.^3;
mt1 = [L0.*(-8.704890200876649e+1)+t2.*1.741527562693986e+2-t3.*1.637990026032071e+2-8.454404003154632e-1];
mt2 = [L0.*2.888551030082887e+1-t2.*4.646509237288324e+2+t3.*7.874763286234775e+2+3.451404031550745e+1];
mt3 = [L0.*(-1.243427995197765e+1)-t2.*1.770944084998135e+1+t3.*9.121525923864187+1.257802329910363e-1];
mt4 = [L0.*2.602378700199455e+1-t2.*7.592869804586579e+1+t3.*1.04061061637543e+2+2.52090230187192];
mt5 = [L0.*(-4.16468837736868e+1)+t2.*1.053057015220962e+2-t3.*9.782664100800905e+1+2.88203481889151e-1];
mt6 = [L0.*1.638914504130816e+1-t2.*2.302881910040914e+2+t3.*3.69093085070767e+2+1.50850188143293e+1];
mt7 = [L0.*(-3.330877182392499e+1)+t2.*5.777741265242135e+1-t3.*4.636260604096121e+1-5.707504720599166e-2];
mt8 = [L0.*2.596398789897806e+1-t2.*2.034162974265243e+2+t3.*3.074747323401131e+2+1.098973419543279e+1];
mt9 = [L0.*(-3.222014207756572e+1)+t2.*1.845089818551862e+1+t3.*3.614425109349368e+1+1.423916486742758e+1];
mt10 = [L0.*2.195155319881831e+2-t2.*5.313413517141845e+2+t3.*4.636340294209499e+2+1.036488296656857];
mt11 = [L0.*1.046010310746349-t2.*9.93780200521217+t3.*1.529318926067021e+1+2.079285800956251];
mt12 = [L0.*1.747277207559659e+1-t2.*1.68316234217588e+1-t3.*7.475251996307852-8.514849439927025e-1];
K = reshape([mt1,mt2,mt3,mt4,mt5,mt6,mt7,mt8,mt9,mt10,mt11,mt12],2,6);
end
