function K = lqr_k(L0)
%LQR_K
%    K = LQR_K(L0)

%    This function was generated by the Symbolic Math Toolbox version 24.2.
%    2026-05-15 13:27:59

t2 = L0.^2;
t3 = L0.^3;
mt1 = [L0.*(-1.101794500618357e+2)+t2.*2.397302551011239e+2-t3.*2.44587290888884e+2-4.086462258430761];
mt2 = [L0.*5.733204495746285e+1-t2.*3.016616454428157e+2+t3.*4.013606090686537e+2+1.561509002438661e+1];
mt3 = [L0.*(-1.052704287223962e+1)+t2.*6.116440453192491-t3.*9.066169989801272-3.346967377996575e-1];
mt4 = [L0.*9.739577327154505-t2.*3.264916389865382e+1+t3.*3.857723418677449e+1+1.286667341064212];
mt5 = [L0.*(-1.896996527352456e+1)+t2.*4.408718976805759e+1-t3.*3.925926135726041e+1-2.511830652595869];
mt6 = [L0.*2.081119143713257e+1-t2.*1.340278564299173e+2+t3.*1.87983107730053e+2+5.483838227731114];
mt7 = [L0.*(-3.812331886867072)-t2.*3.841438839051627+t3.*1.18573093072889e+1-4.592519538400753];
mt8 = [L0.*1.065283285405176e+1-t2.*9.69151958173391e+1+t3.*1.455572619667689e+2+6.061265037490936];
mt9 = [L0.*(-5.546237898015872e+1)+t2.*9.904031405337932e+1-t3.*7.713062848071185e+1+1.787533222810264e+1];
mt10 = [L0.*1.078432658060086e+2-t2.*2.491382598730886e+2+t3.*2.205914598975726e+2+9.846888815618421];
mt11 = [L0.*(-1.739855910563178e+1)+t2.*4.141567612912648e+1-t3.*4.102449751560231e+1+4.57821056272903];
mt12 = [L0.*2.058991742185362e+1-t2.*4.107678960060764e+1+t3.*3.05037929871487e+1+3.653033452968618e-1];
K = reshape([mt1,mt2,mt3,mt4,mt5,mt6,mt7,mt8,mt9,mt10,mt11,mt12],2,6);
end
