function K = lqr_k(L0)
%LQR_K
%    K = LQR_K(L0)

%    This function was generated by the Symbolic Math Toolbox version 24.2.
%    2026-02-20 19:40:30

t2 = L0.^2;
t3 = L0.^3;
mt1 = [L0.*(-9.094553056691798e+1)+t2.*2.268511307706478e+2-t3.*2.309015219544725e+2-1.396132726442424e+1];
mt2 = [L0.*(-8.149576034813263)+t2.*1.518020315483523e+1-t3.*1.164992522277564e+1+2.545762233818214];
mt3 = [L0.*(-6.257268588903674)+t2.*2.876909695677862-t3.*7.799262732234988e-1-2.269899373849725e-1];
mt4 = [L0.*1.575706933959986e-1-t2.*7.17605991375583e-1+t3.*8.255679661539344e-1+5.717029537874502e-2];
mt5 = [L0.*(-1.07653119095829)+t2.*2.969731597448566-t3.*3.139041019510298-4.940856412132442e-1];
mt6 = [L0.*(-3.392478184574324e-1)+t2.*6.374597661964564e-1-t3.*4.794391408447185e-1+8.397522379499049e-2];
mt7 = [L0.*2.746217721951151-t2.*9.488341762779076+t3.*1.122122476555102e+1-2.077169397269247];
mt8 = [L0.*(-1.678127631140227)+t2.*4.310714970818363-t3.*4.345723552906056+3.061182650837625e-1];
mt9 = [L0.*(-3.988468228495842e+1)+t2.*9.748368142472559e+1-t3.*9.528683147333192e+1+7.946314959850974];
mt10 = [L0.*4.536588282107306-t2.*1.380988321656911e+1+t3.*1.520806868263528e+1+8.600672865737472];
mt11 = [L0.*(-1.037056655587672e+1)+t2.*2.585301668029341e+1-t3.*2.578399692911306e+1+2.08497164403457];
mt12 = [L0.*1.093969586928647-t2.*3.242505882839264+t3.*3.523239253094767+1.91649166984644];
K = reshape([mt1,mt2,mt3,mt4,mt5,mt6,mt7,mt8,mt9,mt10,mt11,mt12],2,6);
end
