function K = lqr_k(L0)
%LQR_K
%    K = LQR_K(L0)

%    This function was generated by the Symbolic Math Toolbox version 24.2.
%    2026-02-25 17:48:40

t2 = L0.^2;
t3 = L0.^3;
mt1 = [L0.*(-3.663728486264156e+1)+t2.*9.13687339798828e+1-t3.*8.425285646670771e+1-9.126163742709951e-1];
mt2 = [L0.*(-1.344543362952082e+1)-t2.*2.296985919742846e+2+t3.*4.396373931905272e+2+2.392848226978084e+1];
mt3 = [L0.*(-8.80506662596196)+t2.*4.683650060684182-t3.*2.844742793864022+1.272921551314825e-1];
mt4 = [L0.*1.280859361270394e+1-t2.*5.225156062902568e+1+t3.*7.676777150992946e+1+2.765223002629083];
mt5 = [L0.*(-5.221777283769392)+t2.*1.301949481198692e+1-t3.*1.186012819057646e+1+3.766578374438658e-2];
mt6 = [L0.*1.89286487084304-t2.*3.527476375985177e+1+t3.*5.768716716418967e+1+2.5329272246892];
mt7 = [L0.*(-8.765514681583621)+t2.*1.734540657898127e+1-t3.*1.416190292844522e+1+3.848450581300755e-2];
mt8 = [L0.*5.702007348127092-t2.*6.191801850949071e+1+t3.*9.662051564560626e+1+4.16314864751843];
mt9 = [L0.*(-2.654747065428135e+1)+t2.*2.253135769209852e+1+t3.*1.823319955226853e+1+1.167792679783239e+1];
mt10 = [L0.*2.245190851906688e+2-t2.*5.494786145479868e+2+t3.*4.79909363522343e+2-3.841098471435999e-1];
mt11 = [L0.*(-6.093982560120145e-1)-t2.*5.433996477114885+t3.*1.043367223847999e+1+1.695464028791978];
mt12 = [L0.*1.916479038198388e+1-t2.*2.797759934298552e+1+t3.*9.132075612092745-4.037341679684722e-1];
K = reshape([mt1,mt2,mt3,mt4,mt5,mt6,mt7,mt8,mt9,mt10,mt11,mt12],2,6);
end
