function K = lqr_k(L0)
%LQR_K
%    K = LQR_K(L0)

%    This function was generated by the Symbolic Math Toolbox version 24.2.
%    2026-02-25 14:15:07

t2 = L0.^2;
t3 = L0.^3;
mt1 = [L0.*(-2.321985826836601e+1)+t2.*4.738356895111102e+1-t3.*3.720114970349001e+1-1.671838219509339];
mt2 = [L0.*1.264528821234922e+1-t2.*2.382875992373726e+2+t3.*3.897813315199502e+2+1.827782807749782e+1];
mt3 = [L0.*(-7.077940870968922)+t2.*2.234446770735085-t3.*9.907662957151351e-1-8.137524870153267e-3];
mt4 = [L0.*1.618691230170613e+1-t2.*5.258187238096711e+1+t3.*7.345777182636054e+1+2.863474984500042];
mt5 = [L0.*(-4.083654758102266)+t2.*8.398623341774151-t3.*6.42386184487816-7.997965502691931e-3];
mt6 = [L0.*6.350267425555693-t2.*4.277168624029689e+1+t3.*6.01330419911983e+1+2.212952369159246];
mt7 = [L0.*(-6.284101860971592)+t2.*9.298118594956977-t3.*5.641103366931724-5.480119686334838e-2];
mt8 = [L0.*1.107904886381291e+1-t2.*6.336724957279927e+1+t3.*8.700811378946443e+1+3.454244608711004];
mt9 = [L0.*(-1.752739212198908e+1)+t2.*1.535390171913415e+1+t3.*9.278857082240936+1.179236193032174e+1];
mt10 = [L0.*1.369972716433396e+2-t2.*2.562147788749153e+2+t3.*1.505924789898534e+2+3.237045006599153];
mt11 = [L0.*2.760145064187412e-1-t2.*4.38956385462164+t3.*6.887153408122481+1.787103082793539];
mt12 = [L0.*1.037113245109646e+1+t2.*1.562152820877176-t3.*2.304425509184636e+1-1.79855970745485e-1];
K = reshape([mt1,mt2,mt3,mt4,mt5,mt6,mt7,mt8,mt9,mt10,mt11,mt12],2,6);
end
