function K = lqr_k(L0)
%LQR_K
%    K = LQR_K(L0)

%    This function was generated by the Symbolic Math Toolbox version 24.2.
%    2026-03-25 22:42:34

t2 = L0.^2;
t3 = L0.^3;
mt1 = [L0.*(-8.65326001073831e+1)+t2.*1.809989948944752e+2-t3.*1.781987585749535e+2-1.075134124322616];
mt2 = [L0.*1.61467807298524e+1-t2.*3.817322597320815e+2+t3.*6.740291026517663e+2+3.472450836351474e+1];
mt3 = [L0.*(-1.229500198650083e+1)-t2.*1.552842277828516e+1+t3.*5.590487571743167+9.971481116793059e-2];
mt4 = [L0.*2.439564614297683e+1-t2.*6.278346807928381e+1+t3.*9.032014566335174e+1+2.573820894519079];
mt5 = [L0.*(-4.081981265863656e+1)+t2.*1.052666483319181e+2-t3.*1.003537839416003e+2+1.660383692898947e-1];
mt6 = [L0.*1.272465201984036e+1-t2.*2.041235457616524e+2+t3.*3.30759546088924e+2+1.511255272029906e+1];
mt7 = [L0.*(-3.278878252195981e+1)+t2.*5.848373390603965e+1-t3.*4.930571736255011e+1-1.560900325629812e-1];
mt8 = [L0.*2.341465446221589e+1-t2.*1.810197255852355e+2+t3.*2.757771760452401e+2+1.09634111453301e+1];
mt9 = [L0.*(-3.421826233468671e+1)+t2.*3.377996528372017e+1+t3.*1.347887022088378e+1+1.420783474158316e+1];
mt10 = [L0.*2.14804942696554e+2-t2.*5.354912383781063e+2+t3.*4.851259324131037e+2+1.812793212552484];
mt11 = [L0.*8.5297909646401e-1-t2.*8.472147570584541+t3.*1.33290236635729e+1+2.030859970729593];
mt12 = [L0.*1.792269637496391e+1-t2.*2.101534026644065e+1-t3.*8.987964637346531e-1-9.339391065905084e-1];
K = reshape([mt1,mt2,mt3,mt4,mt5,mt6,mt7,mt8,mt9,mt10,mt11,mt12],2,6);
end
