function K = lqr_k(L0)
%LQR_K
%    K = LQR_K(L0)

%    This function was generated by the Symbolic Math Toolbox version 24.2.
%    2026-03-31 20:38:25

t2 = L0.^2;
t3 = L0.^3;
mt1 = [L0.*(-2.906800651307031e+1)+t2.*2.968859252009747e+1-t3.*1.293630692469484e+1-3.386040612804363e-1];
mt2 = [L0.*2.736288411820881e+1-t2.*2.781409769189779e+2+t3.*4.211002698432358e+2+1.575070568419927e+1];
mt3 = [L0.*(-5.441070425987337)-t2.*2.262336034877332e+1+t3.*1.973713978936697e+1+4.567392673714769e-2];
mt4 = [L0.*1.920900483572856e+1-t2.*6.260504164170349e+1+t3.*6.864912368018921e+1+9.717064385372987e-1];
mt5 = [L0.*(-2.211283605727845e+1)+t2.*5.431901832033351e+1-t3.*4.882751825313924e+1+3.41843999856173e-1];
mt6 = [L0.*4.770147158459382-t2.*1.140438697733419e+2+t3.*1.850881268854532e+2+8.349786564704054];
mt7 = [L0.*(-1.888602303247317e+1)+t2.*2.663573811168151e+1-t3.*1.614450107364362e+1+7.266436025881035e-2];
mt8 = [L0.*2.173154595134437e+1-t2.*1.436253482161682e+2+t3.*1.995813681347673e+2+5.577544718066298];
mt9 = [L0.*(-8.57723655601753)-t2.*2.364588225290059e+1+t3.*5.456488514474128e+1+5.782554559410433];
mt10 = [L0.*1.009820791146843e+2-t2.*2.290961853152272e+2+t3.*1.854813259960299e+2+7.546146245769975e-2];
mt11 = [L0.*(-1.486887209707043)-t2.*6.473467071124836+t3.*1.185402566744236e+1+2.020194286149242];
mt12 = [L0.*2.239083589149842e+1-t2.*3.904863326039994e+1+t3.*2.166181703112445e+1-8.996160581585312e-1];
K = reshape([mt1,mt2,mt3,mt4,mt5,mt6,mt7,mt8,mt9,mt10,mt11,mt12],2,6);
end
