function K = lqr_k(L0)
%LQR_K
%    K = LQR_K(L0)

%    This function was generated by the Symbolic Math Toolbox version 24.2.
%    2026-03-09 23:35:03

t2 = L0.^2;
t3 = L0.^3;
mt1 = [L0.*(-9.738586839424109e+1)+t2.*1.513098485704004e+2-t3.*1.21055292243192e+2-8.428840064987581e-1];
mt2 = [L0.*1.423925124220512e+2-t2.*4.52475889188694e+2+t3.*4.965878981154048e+2+2.09375613828872];
mt3 = [L0.*(-1.044827054850151e+1)+t2.*4.549122565257128-t3.*4.869995265014483-1.401055670291227e-1];
mt4 = [L0.*8.812055340295853-t2.*4.255155896352432e+1+t3.*4.766883285183861e+1+1.817659172493096e-1];
mt5 = [L0.*(-8.660391330449723)+t2.*1.587396651605857e+1-t3.*8.644886577262204-4.994108702644455];
mt6 = [L0.*6.492914866322857e+1-t2.*2.80759801202126e+2+t3.*3.602015032970834e+2-3.602204374811695];
mt7 = [L0.*1.58583504514585-t2.*1.57901666361154e+1+t3.*2.327255996302588e+1-5.602734612771042];
mt8 = [L0.*5.443517500086737e+1-t2.*2.398453655037677e+2+t3.*3.107333699495158e+2-3.384867867199612];
mt9 = [L0.*(-8.03482146169638e+1)+t2.*1.186916928518477e+2-t3.*7.184718757942076e+1+2.861205541133146e+1];
mt10 = [L0.*1.375988196323403e+2-t2.*2.346935901897535e+2+t3.*1.367854064094014e+2+2.281833288130009e+1];
mt11 = [L0.*(-7.710259985896958)+t2.*1.343475020842897e+1-t3.*1.059782850422122e+1+3.979802601765202];
mt12 = [L0.*1.516696639598951+t2.*2.774380229112127e+1-t3.*5.115175100639801e+1+3.017747201214882];
K = reshape([mt1,mt2,mt3,mt4,mt5,mt6,mt7,mt8,mt9,mt10,mt11,mt12],2,6);
end
