function K = lqr_k(L0)
%LQR_K
%    K = LQR_K(L0)

%    This function was generated by the Symbolic Math Toolbox version 24.2.
%    2026-02-15 22:07:08

t2 = L0.^2;
t3 = L0.^3;
mt1 = [L0.*(-1.280088294558099e+2)+t2.*3.554157784957143e+2-t3.*4.414209271852109e+2-1.08921208891806e+1];
mt2 = [L0.*(-3.127597450879402e+2)+t2.*9.096595746372434e+2-t3.*9.58133600850255e+2+4.41399721532491e+1];
mt3 = [L0.*(-2.502221047254684e+1)-t2.*7.900347625696505-t3.*7.784053452586859+3.211337498975558e-1];
mt4 = [L0.*(-2.430371480580309)-t2.*2.396730276784433+t3.*1.236738879921877e+1+1.934461944336655];
mt5 = [L0.*(-6.090140507140157e+1)+t2.*2.136029393928639e+2-t3.*2.585190192313801e+2-5.571784883998026];
mt6 = [L0.*(-1.604581831796397e+2)+t2.*4.726710914124367e+2-t3.*5.040844619908846e+2+2.197641885122402e+1];
mt7 = [L0.*(-7.207395619237496e+1)+t2.*1.917915381053658e+2-t3.*2.18550471579612e+2-4.012259623472135];
mt8 = [L0.*(-1.277536464093632e+2)+t2.*3.625899586415973e+2-t3.*3.756184772473701e+2+1.883698950179679e+1];
mt9 = [L0.*(-7.065183115658305e+2)+t2.*2.143290183914754e+3-t3.*2.34297917488017e+3+9.325735359367263e+1];
mt10 = [L0.*6.943310479812005e+2-t2.*2.500319255836178e+3+t3.*3.062101995461916e+3+9.438946003633268e+1];
mt11 = [L0.*(-3.842747791407854e+1)+t2.*9.782035899377213e+1-t3.*9.5438098162104e+1+7.440797477661598];
mt12 = [L0.*4.6536681796875e+1-t2.*1.569351074735017e+2+t3.*1.842816373848226e+2+3.755366987532869];
K = reshape([mt1,mt2,mt3,mt4,mt5,mt6,mt7,mt8,mt9,mt10,mt11,mt12],2,6);
end
