function K = lqr_k(L0)
%LQR_K
%    K = LQR_K(L0)

%    This function was generated by the Symbolic Math Toolbox version 24.2.
%    2026-03-08 02:37:35

t2 = L0.^2;
t3 = L0.^3;
mt1 = [L0.*(-1.540528742850326e+1)+t2.*5.274040641239974e+1-t3.*7.226094653923872e+1-6.770060436792051];
mt2 = [L0.*(-2.275240079776806e+1)+t2.*8.587174938365968e+1-t3.*9.610296299781643e+1+6.763876448492272];
mt3 = [L0.*(-6.488068621219816)+t2.*1.453009976289544-t3.*1.024466162801479e+1-5.471139417034555e-1];
mt4 = [L0.*3.544527486470523+t2.*1.748783827683853e+1-t3.*1.921866564643425e+1+7.104838942499816e-1];
mt5 = [L0.*(-4.327590008514893)+t2.*1.396280858564175e+1-t3.*1.743989318082796e+1-1.325784653432233];
mt6 = [L0.*3.417918276603534e-1-t2.*2.104691244034127+t3.*1.367736736069537+1.916422379169093];
mt7 = [L0.*(-6.158342593742309)+t2.*1.030181574795585e+1-t3.*1.217847851585425e+1-1.402885584793145];
mt8 = [L0.*1.988002795187469+t2.*3.070697181643392-t3.*7.20691704189165+1.837029724343262];
mt9 = [L0.*(-1.787373333556991e+1)+t2.*8.217143136271955e+1-t3.*1.037129037045664e+2+9.792091014418906];
mt10 = [L0.*(-4.57861078904973)-t2.*7.791841503442675+t3.*1.630374362696595e+1+8.662806011690716];
mt11 = [L0.*(-1.317411777262308)+t2.*6.529108358243267-t3.*7.211490922652202+1.927883543467223];
mt12 = [L0.*1.505240380407147-t2.*6.790771123449151+t3.*7.426414422941157+9.626476059298276e-1];
K = reshape([mt1,mt2,mt3,mt4,mt5,mt6,mt7,mt8,mt9,mt10,mt11,mt12],2,6);
end
