function K = lqr_k(L0)
%LQR_K
%    K = LQR_K(L0)

%    This function was generated by the Symbolic Math Toolbox version 24.2.
%    2026-05-20 16:40:26

t2 = L0.^2;
t3 = L0.^3;
mt1 = [L0.*(-1.139610414144625e+2)+t2.*2.52243339053431e+2-t3.*2.583821575061642e+2-4.342222648600824];
mt2 = [L0.*5.565398358028824e+1-t2.*3.053327454712261e+2+t3.*4.104489403860695e+2+1.67636019686275e+1];
mt3 = [L0.*(-1.063471089033727e+1)+t2.*6.201950049333822-t3.*9.076783942559786-3.44456987926733e-1];
mt4 = [L0.*9.976196900229267-t2.*3.338044196026701e+1+t3.*3.936903597425361e+1+1.260905061706264];
mt5 = [L0.*(-1.766255416694517e+1)+t2.*4.00410558910035e+1-t3.*3.474416057019843e+1-2.675262663040848];
mt6 = [L0.*2.304707928332068e+1-t2.*1.405933725641075e+2+t3.*1.952808220912383e+2+5.140040880293154];
mt7 = [L0.*(-1.947109723286217)-t2.*9.462802172741803+t3.*1.820171962744306e+1-4.917848221652638];
mt8 = [L0.*1.39107198402064e+1-t2.*1.086023881464426e+2+t3.*1.599175775697501e+2+5.731706068804011];
mt9 = [L0.*(-5.702614367559197e+1)+t2.*1.045424654680889e+2-t3.*8.372574199958618e+1+1.803302325570123e+1];
mt10 = [L0.*1.057833008128242e+2-t2.*2.426362635551941e+2+t3.*2.131843898715316e+2+1.010034088818213e+1];
mt11 = [L0.*(-1.828472479305199e+1)+t2.*4.429367443728397e+1-t3.*4.435877162098568e+1+4.687921974900629];
mt12 = [L0.*1.957184012430138e+1-t2.*3.74584232537954e+1+t3.*2.606352078999441e+1+4.703613762571677e-1];
K = reshape([mt1,mt2,mt3,mt4,mt5,mt6,mt7,mt8,mt9,mt10,mt11,mt12],2,6);
end
